000199 0.9982602000236511 251.52 65.01 261.59 62.19 254.78 37.86 244.71 40.68
000199 0.9977408647537231 134.00 209.13 145.10 206.49 135.32 165.34 124.22 167.98
000371 0.999352753162384 319.22 140.34 331.98 137.68 322.20 90.82 309.44 93.48
000371 0.9459370970726013 58.47 91.17 68.73 88.01 55.66 45.54 45.40 48.70
000401 0.9923237562179565 89.82 297.63 102.93 294.54 93.87 256.20 80.77 259.29
000401 0.6727388501167297 122.22 70.28 132.88 67.85 126.51 39.87 115.85 42.30
000779 0.9815024733543396 409.63 184.88 390.62 181.48 382.45 227.05 401.47 230.45
000931 0.9997033476829529 396.41 250.20 416.61 232.97 365.58 173.13 345.37 190.37
000239 0.9951797723770142 228.18 207.76 201.05 192.63 112.06 352.14 139.19 367.28
000669 0.9958754181861877 215.61 112.53 204.55 101.34 175.60 129.95 186.66 141.13
000381 0.850704550743103 287.52 294.01 316.89 289.71 293.97 133.01 264.61 137.30
000619 0.8715205788612366 416.99 286.32 444.90 284.07 436.24 176.96 408.33 179.22
000749 0.9633193612098694 155.64 212.24 163.63 193.00 72.80 155.30 64.82 174.54
000749 0.9198585748672485 435.97 258.83 446.66 225.49 212.87 150.54 202.18 183.88
000749 0.13992434740066528 156.78 187.35 161.19 172.07 71.09 146.05 66.68 161.34
001059 0.9990079998970032 77.42 41.54 71.54 28.72 25.60 49.78 31.48 62.61
001059 0.6981405019760132 193.89 58.95 195.72 51.72 164.30 43.77 162.47 51.00
000899 0.9994446635246277 71.43 294.77 95.87 278.15 59.62 224.84 35.17 241.46
000591 0.9991216063499451 417.68 171.23 405.78 150.10 306.74 205.87 318.64 227.00
000461 0.8102669715881348 207.08 115.68 171.92 77.37 52.28 187.16 87.43 225.47
001111 0.21109698712825775 177.86 152.05 180.61 146.79 169.80 141.16 167.06 146.41
000851 0.9973822236061096 165.00 179.54 177.13 177.91 169.56 121.73 157.43 123.36
000781 0.9943401217460632 260.51 278.81 273.30 278.24 271.73 243.32 258.94 243.89
000781 0.9939150214195251 316.72 315.42 328.38 314.72 326.54 284.11 314.87 284.81
000871 0.9965826869010925 156.39 197.40 143.23 197.38 143.16 240.95 156.32 240.97
000171 0.7831985354423523 41.08 63.10 49.26 59.75 41.73 41.32 33.55 44.67
000729 0.9987232089042664 222.36 51.31 228.54 38.29 159.59 5.57 153.41 18.60
000729 0.970424473285675 195.43 250.31 209.44 243.60 189.21 201.41 175.20 208.13
000729 0.9291625618934631 481.29 126.43 465.43 118.53 439.06 171.46 454.91 179.36
000071 0.9966643452644348 190.81 169.86 204.38 166.80 195.66 128.04 182.09 131.09
000509 0.8879252672195435 324.24 223.16 335.81 220.34 325.46 177.72 313.88 180.53
000451 0.9998424053192139 184.86 217.51 214.76 211.60 197.68 125.14 167.78 131.05
000589 0.9991366267204285 130.91 85.85 120.43 65.96 20.68 118.49 31.16 138.37
000229 0.9995625615119934 277.56 237.53 286.36 203.93 100.95 155.33 92.14 188.93
000229 0.99951171875 476.94 275.63 484.17 248.55 351.45 213.14 344.22 240.22
000229 0.5768691301345825 405.90 398.57 409.09 386.79 362.21 374.09 359.02 385.86
000841 0.9993698000907898 169.96 95.05 185.26 88.63 171.30 55.39 156.01 61.81
000139 0.9901560544967651 316.50 105.20 326.45 103.23 318.60 63.57 308.66 65.54
000139 0.9482484459877014 304.43 339.64 313.15 336.47 306.37 317.81 297.65 320.98
000139 0.8684545159339905 104.71 363.21 111.89 362.34 108.14 331.35 100.97 332.22
000369 0.9912217855453491 94.21 338.01 106.07 335.00 94.01 287.56 82.16 290.57
000369 0.9896790981292725 229.57 169.46 240.59 166.17 233.23 141.51 222.22 144.80
000369 0.2148125022649765 129.51 48.47 138.13 45.67 131.45 25.11 122.82 27.91
000121 0.999862790107727 214.46 181.12 227.82 177.45 216.33 135.70 202.97 139.38
001019 0.9996917247772217 214.67 112.94 204.43 103.29 179.94 129.26 190.18 138.92
001019 0.9663816094398499 62.15 150.52 65.23 140.92 37.18 131.90 34.10 141.50
001019 0.9615775346755981 161.83 223.10 162.32 214.23 124.83 212.19 124.34 221.05
000269 0.971135675907135 153.89 138.36 162.78 136.80 159.03 115.38 150.14 116.94
000269 0.959571123123169 180.63 228.94 192.84 226.75 188.14 200.50 175.94 202.69
000269 0.5783618688583374 328.19 25.72 321.92 16.05 296.23 32.70 302.50 42.38
000299 0.781765341758728 63.98 164.59 56.70 154.21 27.21 174.89 34.50 185.27
000961 0.9982798099517822 304.22 202.81 322.13 184.47 275.91 139.34 258.00 157.69
000959 0.9757639169692993 238.29 156.81 235.28 139.14 187.54 147.28 190.56 164.95
000881 0.9994377493858337 249.33 241.77 264.41 237.41 253.55 199.91 238.47 204.28
000881 0.9990025162696838 399.20 91.53 416.19 84.92 403.35 51.90 386.36 58.51
000881 0.9913401007652283 210.36 63.13 225.59 58.31 217.44 32.56 202.21 37.38
000131 0.9866784811019897 132.59 192.29 158.36 184.65 138.88 118.93 113.12 126.57
000101 0.8889657258987427 295.68 83.91 294.08 66.05 204.43 74.07 206.03 91.92
000499 0.9992184638977051 291.89 133.31 281.72 110.50 194.32 149.45 204.49 172.26
001011 0.9985970854759216 193.36 124.19 185.26 116.17 163.51 138.17 171.61 146.18
000279 0.9960975646972656 195.81 239.92 208.67 237.44 200.19 193.60 187.33 196.09
000839 0.9993207454681396 273.55 214.86 287.03 210.05 275.11 176.69 261.63 181.50
000311 0.9872819781303406 75.75 114.14 89.07 112.13 80.91 58.31 67.59 60.33
000141 0.9950857758522034 185.48 153.60 196.06 151.39 187.29 109.43 176.71 111.64
000141 0.8749977946281433 174.49 386.99 182.26 384.21 174.95 363.86 167.19 366.65
000859 0.9996329545974731 431.42 200.19 455.15 196.65 445.52 132.13 421.80 135.67
000189 0.9965608716011047 304.87 133.45 315.13 130.92 305.05 90.01 294.78 92.54
000189 0.9684688448905945 77.64 90.04 86.48 87.39 76.84 55.21 67.99 57.86
000831 0.9246520400047302 153.10 205.98 166.02 203.00 159.29 173.79 146.37 176.77
000679 0.9852714538574219 150.04 113.52 172.14 109.57 160.83 46.26 138.72 50.22
000711 0.9994074106216431 113.44 72.81 93.28 53.42 56.23 91.95 76.39 111.34
000421 0.9997088313102722 168.29 100.43 157.16 78.04 74.96 118.92 86.10 141.31
000221 0.5058414936065674 583.22 328.11 595.87 285.95 270.67 188.42 258.03 230.58
000361 0.9996367692947388 401.35 107.21 420.49 105.67 416.05 50.43 396.91 51.97
000361 0.9994208812713623 464.47 308.69 490.11 303.61 480.44 254.83 454.80 259.92
000361 0.9986795783042908 112.60 34.74 93.62 28.30 78.05 74.22 97.03 80.66
001069 0.9963713884353638 150.58 67.22 154.01 53.60 113.69 43.42 110.26 57.05
001069 0.9764553904533386 109.02 183.81 112.72 171.19 58.75 155.36 55.05 167.98
001069 0.15729911625385284 66.84 189.45 69.46 182.22 50.38 175.30 47.76 182.53
000821 0.9985829591751099 387.19 264.14 401.13 262.07 394.74 218.89 380.80 220.96
000429 0.9934777021408081 194.62 222.28 222.97 216.66 206.25 132.30 177.89 137.92
000751 0.991344690322876 208.24 282.32 212.56 260.08 100.15 238.25 95.83 260.49
000751 0.9848073720932007 243.29 226.53 247.87 205.52 128.08 179.44 123.50 200.45
000751 0.24966208636760712 323.15 79.05 325.14 62.39 220.68 49.90 218.69 66.56
000751 0.06023441255092621 214.85 74.14 216.54 64.96 185.71 59.28 184.02 68.46
000809 0.9974532723426819 252.13 202.86 263.07 202.48 261.49 156.30 250.55 156.68
000441 0.9809101223945618 134.48 194.50 159.61 190.39 144.37 97.23 119.25 101.34
001141 0.8096731305122375 390.99 91.38 392.99 81.32 378.88 78.53 376.89 88.59
001141 0.05788338556885719 173.47 179.82 173.08 172.54 153.12 173.58 153.50 180.87
000531 0.9947356581687927 153.66 111.28 174.49 108.06 166.08 53.75 145.25 56.98
000409 0.8179519772529602 160.77 155.83 157.40 146.55 112.65 162.81 116.02 172.09
000951 0.2554663419723511 443.42 145.59 442.46 136.16 420.03 138.44 420.99 147.87
000681 0.9890419840812683 149.72 299.34 167.41 297.17 160.56 241.10 142.87 243.26
001091 0.9943408966064453 495.53 266.67 515.31 255.18 466.19 170.66 446.41 182.16
001091 0.7125096917152405 85.20 243.70 82.96 229.00 29.35 237.17 31.59 251.87
001091 0.07103296369314194 197.47 207.46 193.64 198.17 158.37 212.72 162.19 222.00
000979 0.9987829327583313 388.06 110.39 409.70 97.74 380.49 47.76 358.85 60.41
000979 0.9983910322189331 42.92 136.93 60.13 128.14 36.21 81.36 19.01 90.16
000329 0.9960787892341614 433.68 275.52 451.84 270.82 426.75 173.79 408.59 178.49
000001 0.9998701810836792 223.18 147.61 274.14 139.29 259.53 49.83 208.57 58.15
000081 0.9985483288764954 205.03 231.22 241.27 220.13 205.50 103.21 169.26 114.30
000891 0.998702883720398 218.89 229.93 239.91 203.79 181.33 156.66 160.30 182.80
000491 0.9997252821922302 140.64 90.84 129.83 66.45 41.56 105.57 52.37 129.96
001051 0.9961565136909485 211.05 89.60 210.09 81.09 165.45 86.14 166.41 94.65
000741 0.9683499932289124 176.22 132.51 184.22 106.46 28.11 58.51 20.11 84.56
000761 0.5506284236907959 295.68 120.16 279.96 113.75 258.41 166.57 274.13 172.99
000761 0.3475664556026459 142.83 292.83 133.90 279.26 78.30 315.84 87.23 329.41
000801 0.9717934131622314 310.30 216.96 324.23 216.64 323.23 172.15 309.30 172.46
000479 0.9997119307518005 117.32 306.03 141.51 301.63 131.80 248.19 107.60 252.59
000479 0.9995102882385254 54.81 103.95 73.72 102.01 68.29 49.03 49.38 50.97
000911 0.9243811368942261 250.66 83.20 247.24 65.82 192.54 76.57 195.95 93.95
000771 0.999208390712738 89.56 100.49 105.80 95.82 93.06 51.57 76.83 56.24
000391 0.9994996786117554 189.75 181.61 208.98 174.75 184.55 106.26 165.31 113.13
000321 0.9986193180084229 478.81 97.45 493.65 92.79 479.74 48.42 464.89 53.08
000321 0.989301860332489 18.32 152.29 30.77 150.25 22.79 101.41 10.34 103.44
000411 0.9985028505325317 95.49 175.15 138.30 165.14 114.51 63.46 71.70 73.48
000641 0.9995304346084595 181.10 204.36 215.00 190.73 160.96 56.35 127.06 69.98
000641 0.9972558617591858 297.18 308.75 324.38 298.44 284.97 194.41 257.77 204.71
000291 0.991563081741333 184.16 86.88 194.33 84.44 188.07 58.36 177.90 60.80
000179 0.21396251022815704 160.49 191.80 167.62 190.56 163.86 168.97 156.73 170.22
000181 0.9974794983863831 291.58 155.53 300.43 153.58 295.57 131.55 286.72 133.50
000181 0.9895737767219543 175.27 301.81 185.11 299.52 176.02 260.42 166.18 262.71
000181 0.13464070856571198 204.90 51.82 211.38 50.43 206.55 27.82 200.07 29.20
001139 0.9921606183052063 97.61 149.83 101.31 139.85 61.44 125.06 57.74 135.03
001139 0.9730406999588013 392.36 212.60 396.05 204.11 380.08 197.18 376.39 205.66
001139 0.9390349984169006 172.05 42.94 174.45 33.87 132.15 22.66 129.75 31.73
001139 0.7555855512619019 39.02 66.71 40.56 58.52 22.78 55.17 21.24 63.37
001139 0.7499189376831055 165.58 208.80 168.80 200.75 151.73 193.92 148.50 201.96
001139 0.7387720346450806 325.86 61.54 329.43 53.53 315.19 47.19 311.62 55.20
000489 0.9927230477333069 177.13 127.54 122.06 107.64 62.94 271.20 118.01 291.11
001001 0.9996217489242554 297.81 223.86 288.91 207.23 247.24 229.54 256.14 246.16
000161 0.9989872574806213 128.58 435.01 140.56 432.19 130.77 390.54 118.78 393.36
000161 0.9655019044876099 246.15 289.56 255.92 286.59 248.94 263.57 239.17 266.53
000161 0.26389241218566895 159.75 184.84 166.20 182.42 158.94 163.05 152.50 165.46
000061 0.9997934699058533 357.75 143.80 375.66 142.98 373.41 93.93 355.50 94.75
000061 0.9994487166404724 412.42 314.06 431.91 311.22 425.33 266.05 405.85 268.89
000061 0.9992190599441528 108.53 80.98 95.17 75.92 81.96 110.78 95.32 115.84
000061 0.9599601626396179 33.93 219.04 46.36 216.12 39.27 185.90 26.85 188.82
000459 0.49945423007011414 239.54 211.41 208.29 177.56 100.60 276.97 131.85 310.82
000759 0.9996607303619385 361.89 186.33 371.33 166.00 258.09 113.37 248.65 133.69
000049 0.9971714615821838 79.31 268.16 89.08 267.16 84.91 226.61 75.14 227.62
000049 0.9246934056282043 344.35 283.99 353.30 281.83 346.85 255.17 337.90 257.33
000049 0.8631927967071533 250.26 161.47 257.52 159.57 249.60 129.28 242.34 131.18
000091 0.9998966455459595 194.31 150.27 226.11 148.24 219.77 48.94 187.97 50.97
000571 0.9869242310523987 249.77 259.42 295.99 245.97 264.20 136.76 217.99 150.21
001099 0.9948179125785828 282.71 231.75 274.26 220.91 252.74 237.68 261.19 248.52
001099 0.9924309849739075 135.62 212.25 148.00 211.72 147.00 188.48 134.62 189.02
001099 0.9337828159332275 58.37 175.03 68.47 174.56 67.41 152.13 57.31 152.61
001099 0.529826283454895 160.63 60.82 167.71 60.67 167.38 46.00 160.31 46.16
001099 0.4662284255027771 239.83 133.97 247.81 131.21 244.34 121.18 236.35 123.95
000129 0.9935630559921265 175.46 187.68 204.61 180.83 184.84 96.66 155.69 103.50
000259 0.9993792772293091 170.25 248.26 154.30 229.76 103.89 273.21 119.84 291.72
000259 0.3435731530189514 294.58 53.51 289.53 48.26 282.94 54.59 287.98 59.84
000251 0.69187992811203 194.90 99.99 192.50 92.38 154.03 104.53 156.44 112.14
000319 0.9995478987693787 147.84 67.21 165.04 62.83 152.28 12.74 135.08 17.12
000319 0.06066782400012016 476.65 417.61 488.07 415.01 479.81 378.82 468.39 381.43
000119 0.9997809529304504 149.49 174.13 166.92 169.18 154.43 125.13 137.00 130.08
001041 0.33537760376930237 247.16 155.32 243.17 149.26 230.36 157.66 234.34 163.73
000999 0.9995768666267395 75.06 214.59 95.60 208.80 81.42 158.52 60.88 164.31
000261 0.35864728689193726 183.32 238.42 176.41 234.18 170.99 243.01 177.89 247.25
000201 0.9833990335464478 171.37 101.95 180.41 99.44 169.27 59.35 160.23 61.86
000419 0.9720466732978821 88.41 133.78 105.15 129.67 92.46 77.97 75.72 82.08
000829 0.9964414238929749 323.67 283.00 335.89 281.20 329.59 238.53 317.36 240.33
001131 0.9988473653793335 222.46 107.25 227.35 96.38 189.20 79.20 184.30 90.08
001131 0.9916953444480896 92.00 183.15 94.54 172.26 61.75 164.61 59.21 175.50
001131 0.9880395531654358 71.34 97.54 75.04 88.57 47.08 77.05 43.39 86.01
001131 0.9861272573471069 327.59 178.89 332.03 169.73 307.42 157.82 302.98 166.99
001131 0.9605739712715149 393.90 103.81 398.09 95.44 373.35 83.07 369.16 91.44
001131 0.9192818999290466 427.63 175.76 430.27 165.37 405.82 159.15 403.18 169.54
001131 0.9003306031227112 203.43 239.65 206.47 231.03 179.72 221.59 176.67 230.21
000849 0.15190403163433075 234.10 194.25 219.85 186.88 208.75 208.35 223.00 215.72
000629 0.9995144605636597 474.02 204.44 456.75 185.81 398.55 239.76 415.82 258.38
001031 0.9963008165359497 442.29 95.46 439.98 83.75 403.54 90.93 405.85 102.64
001031 0.8081211447715759 167.12 130.75 168.32 119.89 141.97 116.97 140.77 127.84
001031 0.6401129364967346 61.21 74.51 64.07 62.75 35.63 55.83 32.77 67.59
000551 0.9930082559585571 254.11 49.27 240.93 27.86 170.17 71.44 183.35 92.85
000249 0.8875074982643127 127.41 120.82 124.31 112.89 85.41 128.07 88.50 136.00
000449 0.9996967315673828 126.12 122.58 161.52 114.63 140.37 20.51 104.98 28.46
000211 0.9914305806159973 296.23 135.46 286.94 133.84 282.64 158.41 291.93 160.03
000769 0.4814092814922333 364.01 215.81 375.64 209.83 362.41 184.11 350.78 190.10
000439 0.9987899661064148 172.81 257.13 210.16 243.74 159.49 102.39 122.15 115.77
000799 0.9826435446739197 319.82 300.42 338.30 295.79 323.55 236.86 305.07 241.48
001029 0.9077572226524353 284.69 82.42 287.29 76.90 272.06 69.73 269.46 75.25
001029 0.06953485310077667 375.11 160.82 374.48 154.78 362.37 156.03 362.99 162.07
000791 0.9942657351493835 240.15 171.59 251.43 171.34 250.54 130.98 239.26 131.23
000969 0.9953449368476868 343.48 169.97 338.58 162.43 317.73 175.98 322.63 183.51
000271 0.9381456971168518 100.14 185.13 126.77 180.68 104.52 47.62 77.88 52.07
001049 0.8614953756332397 57.28 96.39 56.34 89.27 29.56 92.80 30.50 99.92
000389 0.9988828301429749 223.69 123.94 222.06 104.14 120.75 112.48 122.38 132.28
000099 0.9446989297866821 154.47 87.90 153.22 72.56 63.05 79.92 64.30 95.25
000739 0.9880141615867615 151.19 170.06 161.87 162.43 147.62 142.49 136.94 150.13
000739 0.9795733690261841 120.91 108.91 132.19 104.52 124.77 85.45 113.49 89.84
000739 0.9777306318283081 102.91 208.52 109.67 200.70 92.71 186.03 85.95 193.85
000739 0.9738085865974426 178.94 287.89 185.32 280.35 168.70 266.28 162.32 273.82
000739 0.9459398984909058 80.05 288.22 85.76 281.19 70.69 268.96 64.98 275.99
000739 0.6523290276527405 94.20 39.37 102.07 35.77 94.43 19.07 86.56 22.67
000739 0.48639625310897827 28.15 196.65 33.72 189.42 19.52 178.49 13.95 185.72
000739 0.07775186747312546 223.84 125.84 232.44 121.59 227.56 111.71 218.96 115.96
000789 0.9853874444961548 179.80 47.29 168.06 47.03 167.37 78.10 179.11 78.37
000169 0.9870125651359558 54.47 279.43 61.51 276.78 54.53 258.30 47.49 260.96
000169 0.8628151416778564 67.20 44.37 75.63 42.28 67.68 10.28 59.25 12.37
000549 0.12364710867404938 235.86 118.45 265.82 109.49 243.89 36.12 213.92 45.07
000971 0.9941354990005493 214.61 65.85 209.98 57.91 188.50 70.47 193.13 78.40
001079 0.9999548196792603 215.83 133.52 233.76 124.41 214.69 86.91 196.77 96.02
000861 0.9994947910308838 446.38 109.10 469.50 105.76 459.83 38.88 436.72 42.22
000029 0.970825731754303 285.47 168.04 274.13 150.56 211.61 191.12 222.95 208.60
000939 0.9231998920440674 345.41 173.05 326.89 171.95 324.08 219.44 342.60 220.54
000339 0.3030444085597992 34.27 294.57 43.87 292.61 36.29 255.56 26.70 257.52
000331 0.9675090312957764 463.03 263.89 479.43 260.01 458.80 172.88 442.40 176.76
000301 0.6044740676879883 70.18 246.60 99.02 242.48 75.55 78.09 46.71 82.21
000989 0.8775680661201477 187.68 152.20 184.39 135.34 134.91 145.01 138.21 161.87
001129 0.9947351813316345 80.30 86.81 85.36 76.75 46.77 57.33 41.71 67.40
001129 0.9915210008621216 185.99 157.56 189.86 148.20 161.28 136.39 157.41 145.75
001129 0.9841940999031067 250.01 82.39 255.26 73.58 232.58 60.09 227.34 68.89
001129 0.9579057693481445 59.51 218.86 62.32 210.08 35.19 201.39 32.38 210.17
001129 0.9097417593002319 283.56 154.97 286.69 145.82 263.74 137.96 260.61 147.11
001129 0.7897250652313232 339.62 21.44 341.32 13.97 325.83 10.44 324.12 17.90
001129 0.7764742970466614 356.37 281.43 358.55 273.13 333.57 266.56 331.38 274.86
001129 0.5925901532173157 401.41 176.04 404.68 166.53 385.56 159.96 382.29 169.47
001129 0.08104005455970764 412.84 74.97 416.41 66.50 398.10 58.79 394.54 67.27
001009 0.9959896206855774 81.54 136.09 92.47 121.92 54.97 93.01 44.05 107.19
000159 0.9972653388977051 141.90 257.56 150.68 255.54 145.45 232.88 136.67 234.90
000159 0.9818273186683655 54.07 154.23 62.10 152.60 57.93 131.93 49.90 133.55
000159 0.11871743202209473 219.77 87.63 224.95 85.95 220.53 72.27 215.35 73.95
001039 0.9995504021644592 463.59 44.16 451.72 30.47 412.16 64.77 424.02 78.45
001039 0.9952793121337891 258.03 94.95 261.17 81.43 221.55 72.24 218.41 85.76
001039 0.9885072708129883 138.12 211.14 144.76 201.38 117.38 182.74 110.74 192.50
001039 0.3060910105705261 387.65 189.56 385.89 175.28 342.70 180.60 344.46 194.88
000689 0.6178758144378662 315.66 46.59 302.77 39.72 286.75 69.75 299.64 76.62
000011 0.9961515069007874 191.79 181.45 213.57 172.38 172.32 73.31 150.53 82.38
000599 0.9949648380279541 370.48 192.59 366.40 165.56 275.37 179.30 279.45 206.34
001121 0.9896138310432434 79.75 165.58 81.78 159.02 58.97 151.97 56.95 158.53
001121 0.9681206941604614 176.60 109.04 180.54 101.76 152.80 86.72 148.85 94.00
001121 0.9349046945571899 63.75 101.34 66.81 94.11 46.31 85.44 43.25 92.67
001121 0.8280341625213623 306.08 106.04 309.38 99.98 292.39 90.76 289.10 96.83
001121 0.7945301532745361 163.88 208.10 166.04 201.69 145.72 194.86 143.57 201.27
001121 0.6746440529823303 385.56 255.95 386.92 248.65 368.71 245.24 367.34 252.53
001121 0.46498993039131165 256.23 163.96 259.79 156.75 241.54 147.74 237.98 154.95
001121 0.07141929864883423 330.26 161.38 333.20 155.04 318.39 148.18 315.45 154.52
000889 0.9994392991065979 59.38 207.86 73.33 195.70 46.04 164.40 32.09 176.57
000889 0.9990147352218628 333.14 314.76 347.14 302.12 315.63 267.22 301.63 279.87
000889 0.9969869256019592 349.39 120.63 364.02 115.37 348.32 71.65 333.68 76.91
000889 0.9541975259780884 95.45 52.99 103.75 40.83 78.63 23.70 70.33 35.86
000819 0.9986500144004822 332.01 262.17 345.65 259.95 338.38 215.20 324.74 217.42
000519 0.9871517419815063 487.52 258.42 471.07 239.83 411.81 292.26 428.27 310.86
000671 0.8450599312782288 464.14 212.63 455.77 202.15 424.71 226.95 433.07 237.43
000731 0.9997608065605164 160.89 155.88 139.78 146.08 100.35 231.02 121.46 240.82
000151 0.9478740096092224 192.95 79.65 199.36 78.93 196.55 53.83 190.14 54.55
000639 0.9993639588356018 235.06 146.70 210.42 121.30 154.95 175.09 179.58 200.49
000569 0.9985861778259277 150.29 114.11 135.33 93.32 65.68 143.45 80.65 164.24
000341 0.9958876967430115 392.80 28.69 376.56 23.19 361.43 67.89 377.68 73.39
000341 0.469350665807724 276.16 412.54 287.50 409.45 277.78 373.82 266.44 376.91
000529 0.9935094714164734 175.40 203.08 196.36 201.24 191.23 142.66 170.27 144.49
000539 0.9658236503601074 193.88 249.24 238.14 240.21 214.60 124.81 170.34 133.84
001119 0.7288908362388611 226.23 104.02 227.05 94.82 201.84 92.58 201.02 101.78
000019 0.9404541254043579 238.41 132.58 224.43 115.01 141.66 180.91 155.65 198.48
000089 0.9997327923774719 288.82 184.22 300.18 181.97 295.35 157.52 283.98 159.77
000089 0.9994086027145386 260.85 97.10 272.38 96.06 270.16 71.26 258.63 72.29
000089 0.9901018142700195 138.66 66.00 129.66 62.37 122.39 80.39 131.39 84.02
000089 0.6576797962188721 85.42 231.27 92.71 228.90 86.97 211.27 79.69 213.64
000089 0.5865829586982727 99.75 134.75 106.49 132.89 102.17 117.21 95.42 119.07
000469 0.9852274656295776 409.35 236.51 432.23 231.27 413.73 150.43 390.84 155.67
000069 0.9958168864250183 209.02 117.44 203.25 102.47 114.89 136.51 120.65 151.48
000471 0.9991244673728943 70.51 190.39 116.10 180.09 92.60 76.01 47.00 86.30
000191 0.6966681480407715 297.04 92.35 304.69 90.29 298.66 67.95 291.02 70.01
000191 0.4175069332122803 140.02 169.94 147.93 168.86 144.49 143.78 136.57 144.87
000191 0.3370613157749176 384.43 195.76 391.58 193.99 386.22 172.33 379.07 174.11
000079 0.9998338222503662 329.34 296.81 345.67 292.38 334.71 251.96 318.38 256.38
000079 0.9991198182106018 154.73 89.03 168.91 84.57 155.65 42.45 141.47 46.91
000611 0.9875911474227905 393.72 293.93 392.46 268.90 297.83 273.66 299.09 298.70
001061 0.9992458820343018 208.75 126.09 215.82 116.68 187.31 95.27 180.24 104.68
001061 0.998083233833313 334.62 145.75 336.58 134.31 301.65 128.32 299.69 139.76
000811 0.9607644081115723 318.18 204.37 328.71 203.92 326.78 158.94 316.26 159.39
000359 0.9985249638557434 74.09 51.37 57.65 40.84 30.85 82.65 47.29 93.19
000481 0.9993267059326172 265.56 188.02 302.23 184.69 293.26 86.06 256.59 89.39
000921 0.996957540512085 336.56 208.66 354.23 197.25 333.40 164.98 315.72 176.38
000601 0.9838416576385498 152.45 137.95 147.68 111.57 52.34 128.80 57.11 155.18
000231 0.9810724258422852 119.50 162.84 112.43 146.48 37.64 178.77 44.71 195.13
000231 0.8336712121963501 126.99 178.03 122.99 165.26 39.91 191.29 43.91 204.05
000231 0.7676219344139099 130.68 196.83 128.30 182.86 42.33 197.51 44.71 211.49
000231 0.5444160103797913 371.16 137.55 363.69 111.64 168.91 167.76 176.37 193.67
001149 0.1108643189072609 83.41 206.87 79.60 200.11 70.33 205.33 74.13 212.09
001149 0.0885823592543602 56.17 80.46 53.35 72.66 41.75 76.84 44.57 84.64
000109 0.9893243908882141 90.45 120.11 98.79 118.30 93.50 93.94 85.15 95.76
000109 0.9369238615036011 288.40 93.19 296.46 91.53 291.76 68.74 283.70 70.40
000541 0.9795717597007751 82.74 195.96 123.92 188.77 103.47 71.73 62.29 78.92
001101 0.4191196858882904 117.21 231.37 124.74 229.72 122.03 217.39 114.50 219.05
001101 0.25575435161590576 38.00 159.23 45.37 158.78 44.54 145.18 37.18 145.63
000431 0.9997530579566956 236.52 160.25 270.87 152.20 248.86 58.30 214.51 66.35
000609 0.9837430119514465 242.65 191.93 241.17 166.41 151.71 171.62 153.20 197.13
001151 0.9740056395530701 252.36 114.97 256.23 107.79 235.36 96.55 231.50 103.73
001151 0.43490368127822876 373.87 217.42 372.92 209.83 355.46 212.01 356.41 219.60
001151 0.2934393882751465 232.55 235.68 233.18 229.37 220.53 228.11 219.91 234.42
000909 0.9810769557952881 257.28 135.18 253.71 117.40 202.31 127.72 205.88 145.50
000709 0.9990215301513672 268.90 152.74 247.79 134.08 211.97 174.59 233.08 193.25
000879 0.9996098875999451 219.87 244.09 237.59 233.98 211.01 187.41 193.29 197.52
000241 0.9992511868476868 319.03 297.96 315.50 271.85 194.14 288.22 197.67 314.34
000241 0.15911845862865448 67.23 316.46 83.08 309.15 55.70 249.79 39.84 257.11
000981 0.9586436152458191 300.04 185.46 296.65 161.07 220.49 171.64 223.88 196.03
000149 0.9924524426460266 49.19 144.34 64.33 142.35 55.46 75.04 40.31 77.04
000209 0.9977806210517883 228.64 236.01 240.88 233.64 235.99 208.36 223.75 210.73
000209 0.9959093332290649 201.93 147.21 210.74 146.37 208.50 122.90 199.69 123.74
000209 0.9883469939231873 375.51 29.85 367.96 21.77 345.59 42.64 353.14 50.73
000209 0.8541920781135559 77.25 111.35 68.89 109.59 63.70 134.29 72.05 136.05
000521 0.9997113347053528 342.86 177.86 323.40 156.18 263.44 210.00 282.90 231.69
001159 0.9862615466117859 186.69 170.35 189.95 161.74 167.72 153.35 164.47 161.96
001159 0.9662730693817139 300.85 140.98 293.53 133.71 274.43 152.92 281.76 160.20
000869 0.9909550547599792 302.35 262.90 314.04 262.71 313.24 215.10 301.56 215.30
000059 0.9883624911308289 316.22 112.80 325.34 111.94 323.11 88.30 313.99 89.16
000059 0.9852043390274048 342.55 200.93 354.28 199.65 351.63 175.21 339.89 176.49
000059 0.9077078104019165 190.90 79.85 182.13 78.08 177.78 99.61 186.55 101.38
000051 0.999735414981842 101.73 92.60 115.98 89.11 102.77 35.14 88.51 38.63
000051 0.7580293416976929 276.23 290.03 289.01 286.16 278.19 250.38 265.40 254.25
000631 0.99991774559021 184.29 150.55 173.60 129.48 99.25 167.21 109.93 188.28
000631 0.9981212019920349 397.97 182.89 401.39 168.19 342.39 154.47 338.98 169.17
000699 0.9444067478179932 464.81 39.81 449.64 19.99 385.83 68.80 401.00 88.63
000379 0.9719380736351013 348.89 128.55 339.02 126.39 333.32 152.41 343.20 154.57
000219 0.9827420115470886 366.09 138.06 360.64 108.52 160.40 145.48 165.85 175.02
000219 0.9767071008682251 300.99 64.85 297.14 36.88 127.29 60.21 131.13 88.18
000219 0.10754255205392838 413.10 207.70 409.57 180.45 258.05 200.06 261.58 227.31
000501 0.9989073276519775 242.05 159.12 238.55 138.86 158.31 152.75 161.82 173.00
000281 0.9925454258918762 114.09 244.59 127.87 241.85 119.24 198.44 105.46 201.18
000399 0.9997250437736511 374.02 132.86 394.29 131.77 391.43 78.50 371.15 79.59
000399 0.9995439648628235 84.89 58.25 64.76 53.73 53.71 102.97 73.84 107.49
000399 0.9987530708312988 438.63 334.57 460.70 329.99 450.49 280.76 428.42 285.33
000009 0.6933163404464722 200.00 101.06 198.27 83.68 136.08 89.85 137.81 107.23
000941 0.9968658089637756 327.74 158.31 348.76 158.15 348.38 108.44 327.36 108.60
001109 0.9960941672325134 380.78 68.12 387.55 59.72 369.59 45.25 362.82 53.66
001109 0.9956607222557068 388.59 328.77 393.69 319.55 371.04 307.01 365.93 316.23
001109 0.9813925623893738 454.81 149.15 463.32 139.41 446.75 124.92 438.23 134.66
001109 0.9752352833747864 204.38 216.57 207.26 208.55 189.81 202.27 186.93 210.29
001109 0.9550211429595947 150.08 147.04 153.78 139.40 133.03 129.34 129.33 136.98
001109 0.9529116749763489 248.70 262.84 246.15 254.65 220.83 262.52 223.38 270.72
001109 0.9447755217552185 267.15 133.83 270.43 125.09 251.00 117.80 247.72 126.54
001109 0.9378095269203186 161.49 93.85 164.37 86.81 144.66 78.73 141.78 85.77
001109 0.8475432991981506 305.56 55.67 310.81 48.74 296.71 38.06 291.46 44.99
001109 0.7369121313095093 357.44 146.51 362.22 140.05 347.58 129.22 342.80 135.69
001109 0.15303359925746918 428.45 27.64 437.90 19.24 423.49 3.03 414.04 11.43
000111 0.9985796213150024 227.23 84.70 237.26 83.04 233.63 61.10 223.60 62.76
000111 0.998007595539093 147.35 248.45 156.81 245.88 151.03 224.58 141.57 227.15
000111 0.9947696328163147 54.61 146.01 62.62 143.79 56.43 121.42 48.42 123.64
000929 0.9965317845344543 74.69 164.25 91.98 150.76 69.34 121.74 52.05 135.23
001089 0.6696016192436218 399.27 214.39 397.49 202.61 350.35 209.75 352.13 221.53
000991 0.3234642446041107 388.91 153.27 386.53 137.58 331.55 145.93 333.93 161.62
000031 0.8860238790512085 346.17 102.40 339.41 79.81 200.17 121.47 206.93 144.06
000919 0.9977912902832031 150.91 181.97 166.97 161.84 117.25 122.18 101.19 142.31
000901 0.9989216327667236 246.41 210.86 271.36 195.91 237.92 140.07 212.96 155.02
000309 0.8484745025634766 162.72 215.42 178.23 212.42 163.55 136.41 148.04 139.41
